7030
5157
41560
6070
66006
61329
16153
34757
95113
14899
7289
76235
22199
8862
173865
1316
1863
1832
8869
8678
5361
15712
18947
4774
213586
80038
1773
9388
20034
13125
2032
4042
18220
3133
4168
21106
6684
2392
1902
9214
2067
57252
24520
57440
118970
3235
9339
58787
1879
16869
3035
8797
4404
23173
7270
4328
5184
20341
4766
4426
1247
23065
12093
4392
10569
4762
13831
76502
6603
7388
52833
2615
14396
44329
16567
8907
1283
6078
5860
6044
18680
36882
4082
37846
111056
140390
2879
7463
29787
16432
5945
3890
3048
1229
17537
17299
8921
2159
4901
8677
24153
26975
48675
9239
7735
6754
13265
21645
7835
25917
5153
27550
50145
9023
11193
11071
8130
81907
3644
7535
5424
27007
16745
2378
6106
37783
97257
68000
3663
4599
49032
5554
10721
7827
9206
9551
12409
2577
5297
4523
5099

